10642023
10672023
10882023
11082023
11132023
11542023
11622023
11692023
11922023
12462023
13002023
13272023
13312023
13562023
13702023
13892023
14142023
14312023
14452023
14632023
16632023
17002023
17652023
18352023
18692023
18702023
18712023
18952023
19322023
19502023
20052023
20702023
21362023
21532023
21612023
22022023
22082023
24022023
25312023
26412023
26422023
26722023
29042023
29722023
30692023
32452023
34762023
35042023
39112023
44962023
46022023
50642023
52312023
54632023
55712023
58282023
60692023
61822023
62132023
62292023
62522023
62742023
62802023
63362023
63682023
63852023
63872023
64032023
64172023
64252023
64442023
64462023
64522023
64542023
64562023
64852023
64992023
65012023
65022023
65072023
65092023
65132023
65552023
65562023
65652023
65742023
65782023
66082023
66342023
66482023
66492023
66522023
66842023
66862023
66932023
66952023
67282023
67322023
67472023
67492023
67542023
67602023
67612023
67652023
67662023
67802023
68042023
68062023
68122023
68302023
68452023
68502023
69092023
69112023
69332023
69622023
69822023
69862023
69932023
70592023
70662023
70672023
70722023
70732023
70752023
70772023
70842023
70852023
71042023
71102023
71242023
71392023
71602023
72202023
72282023
72452023
72592023
72682023
72912023
73012023
73212023
73462023
73472023
73772023
74082023
74212023
74332023
74672023
74732023
74812023
74932023
74982023
75322023
75402023
75492023
75722023
75762023
76002023
76092023
76112023
76312023
76622023
76672023
76712023
76722023
92342023
92392023
92542023
92602023
92612023
92642023
93112023
93132023
93182023
93292023
93402023
93422023
93462023
94212023
94242023
94282023
94312023
94592023
94712023
94882023
94932023
95022023
95062023
95082023
95162023
95262023
95382023
95402023
95412023
95432023
95632023
95842023
96362023
96372023
96392023
96742023
97172023
97222023
97292023
97402023
97452023
97472023
97712023
98092023
98152023
98162023
98312023
98402023
98492023
98602023
98722023
98782023
98802023
99082023
99102023
99242023
99372023
99582023
99932023
99952023