11562024
14222024
14822024
15582024
16372024
20712024
23292024
23552024
24122024
24422024
25022024
26232024
26272024
27112024
27142024
27182024
27272024
27342024
27422024
27672024
27822024
27842024
27942024
28172024
28502024
28522024
28642024
28672024
28822024
28842024
28892024
28922024
29292024
29332024
29372024
29512024
29762024
29872024
29962024
30362024
31202024
31342024
31362024
31612024
32362024
32372024
32722024
32832024
32862024
32992024
33022024
33602024
33912024
34102024
34112024
34122024
34172024
34202024
34502024
34522024
34742024
34892024
35682024
35722024
35802024
36952024
37002024
37022024
37152024
37222024
37242024
37342024
37352024
37692024
38152024
38172024
38202024
38272024
38522024
39102024
39142024
39722024
40022024
40092024
40252024
40362024
40432024
40482024
40572024
40602024
40942024
41102024
41152024
41172024
41292024
41332024
41532024
41592024
41892024
42002024
42112024
42182024
42382024
42732024
43152024
43172024
43622024
44172024
44282024
44802024
44922024
44972024
45122024
45292024
45602024
45652024
45902024
45912024
45992024
46342024
46512024
46542024
46642024
46722024
46792024
46992024
47022024
47422024
47642024
47812024
48062024
48082024
48512024
48582024
48712024
48872024
49622024
49722024
49952024
49992024
50192024
50622024
50662024
50932024
51292024
51332024
51692024
51722024
51792024
51942024
51952024
52012024
52072024
52252024
52482024
52672024
53532024
53902024
54052024
54212024
54272024
54482024
55112024
55132024
55542024
55772024
56062024
56102024
56842024
56872024
56992024
57052024
57092024
57742024
57972024
58092024
58142024
59102024
59482024
59732024
59902024
60122024
60292024
60622024
60762024
60822024
60932024
61092024
61162024
61392024
62152024
62302024
62482024
62572024
62812024
63182024
63282024
63912024
63972024
64572024
65542024
65752024
65992024
66202024
66242024
66382024
66552024
69352024
69442024
69772024
70762024
70972024
72052024
75482024
75652024
76862024
92232024
94322024
96422024