11242025
11432025
11502025
11522025
12342025
12562025
12842025
12912025
13252025
14152025
14612025
14952025
15092025
15562025
15582025
15822025
17302025
17842025
17942025
18252025
18722025
18962025
20632025
21612025
21772025
22012025
22672025
25212025
25672025
25692025
25972025
26002025
26032025
27052025
27262025
27462025
27622025
28842025
29212025
29352025
30622025
31652025
33262025
33832025
34292025
34632025
34672025
35072025
35472025
35562025
35692025
35732025
36492025
36982025
37072025
37112025
37462025
37522025
37572025
38472025
39882025
40412025
41072025
41912025
42332025
43452025
44162025
44242025
45492025
47652025
49702025
54652025
54852025
55282025
56042025
56562025
59132025
60352025
61662025
63262025
64952025
66102025
69382025
69702025
70102025
71182025
71522025
71622025
71682025
71922025
71982025
72212025
72522025
72892025
72952025
73022025
73062025
73262025
73402025
73802025
74582025
75042025
75652025
75662025
76152025
76372025
76562025
76852025
76862025
76902025
77112025
77312025
77822025
78172025
78512025
78612025
78882025
79202025
79212025
79232025
79242025
79292025
79322025
79402025
79542025
79592025
79642025
79822025
79862025
80032025
80072025
80082025
80092025
80182025
80262025
80322025
80702025
80832025
80892025
80922025
80962025
81042025
81072025
81082025
81492025
81982025
82022025
82092025
82192025
82342025
82512025
82522025
82902025
83092025
84002025
84362025
84372025
84792025
84812025
84932025
85222025
85452025
85482025
85622025
85722025
85862025
85922025
86042025
86442025
86632025
86772025
87022025
87192025
87332025
87482025
87692025
87922025
87932025
87942025
88032025
88122025
88192025
88432025
88442025
88512025
88552025
88612025
88822025
88922025
89202025
89212025
89252025
89542025
89592025
90532025
90602025
90662025
90762025
90772025
90832025
90912025
90962025
91162025
91282025
91342025
91522025
91692025
92142025
92362025
92612025
93112025
93122025
93302025
93632025
93832025
94502025
96162025
96232025
96282025
97462025
97502025
97462025
97502025
98772025